# Format: Chi L [O] chi H [m1 ... mr] E E+, where:
#
# Chi: Euler characteristics of the covering surface.
# L: Cyclic covering period.
# O: Sign, "+" for orientable orbifolds and "-" for non-orientable ones.
# chi: Euler characteristics of the covered surface.
# H: Number of boundary components in the covered surface. If O is "-", the number of crosscaps is 2 - chi - H; is O is "+", the number of handles is (2 - chi - H) / 2.
# [m1 ... mr]: Branch point indices.
# E: Number of order-preserving epimorphisms from the NEC group of the orbifold onto Z_L.
# E+: Number of order-and-orientation-preserving epimorphisms from the NEC group of the orbifold onto Z_L endowed with non-trivial sign structure.

1 1 [-]   1  0 [] 1 0
1 2 [+]   1  1 [2] 1 0
1 3 [-]   1  0 [3] 2 0
1 4 [+]   1  1 [4] 2 0
1 5 [-]   1  0 [5] 4 0
1 6 [+]   1  1 [6] 2 0
1 7 [-]   1  0 [7] 6 0
1 8 [+]   1  1 [8] 4 0
1 9 [-]   1  0 [9] 6 0
1 10 [+]   1  1 [10] 4 0
1 11 [-]   1  0 [11] 10 0
1 12 [+]   1  1 [12] 4 0
1 13 [-]   1  0 [13] 12 0
1 14 [+]   1  1 [14] 6 0
1 15 [-]   1  0 [15] 8 0
1 16 [+]   1  1 [16] 8 0
1 17 [-]   1  0 [17] 16 0
1 18 [+]   1  1 [18] 6 0
1 19 [-]   1  0 [19] 18 0
1 20 [+]   1  1 [20] 8 0
1 21 [-]   1  0 [21] 12 0
1 22 [+]   1  1 [22] 10 0
1 23 [-]   1  0 [23] 22 0
1 24 [+]   1  1 [24] 8 0
1 25 [-]   1  0 [25] 20 0
1 26 [+]   1  1 [26] 12 0
1 27 [-]   1  0 [27] 18 0
1 28 [+]   1  1 [28] 12 0
1 29 [-]   1  0 [29] 28 0
1 30 [+]   1  1 [30] 8 0
1 31 [-]   1  0 [31] 30 0
1 32 [+]   1  1 [32] 16 0
1 33 [-]   1  0 [33] 20 0
1 34 [+]   1  1 [34] 16 0
1 35 [-]   1  0 [35] 24 0
1 36 [+]   1  1 [36] 12 0
1 37 [-]   1  0 [37] 36 0
1 38 [+]   1  1 [38] 18 0
1 39 [-]   1  0 [39] 24 0
1 40 [+]   1  1 [40] 16 0
# .... <infinite series for Chi = 1 truncated to L = 40>
0 1 [-]   0  0 [] 1 0
0 2 [+]   1  1 [2 2] 1 0
0 2 [-]   1  0 [2 2] 2 0
0 2 [+]   0  2 [] 2 1
0 2 [-]   0  0 [] 3 1
0 2 [-]   0  1 [] 2 1
0 3 [-]   0  0 [] 2 0
0 4 [+]   0  2 [] 2 0
0 4 [-]   0  0 [] 4 4
0 4 [-]   0  1 [] 2 0
0 5 [-]   0  0 [] 4 0
0 6 [+]   0  2 [] 4 2
0 6 [-]   0  0 [] 6 2
0 6 [-]   0  1 [] 4 2
0 7 [-]   0  0 [] 6 0
0 8 [+]   0  2 [] 4 0
0 8 [-]   0  0 [] 8 8
0 8 [-]   0  1 [] 4 0
0 9 [-]   0  0 [] 6 0
0 10 [+]   0  2 [] 8 4
0 10 [-]   0  0 [] 12 4
0 10 [-]   0  1 [] 8 4
0 11 [-]   0  0 [] 10 0
0 12 [+]   0  2 [] 4 0
0 12 [-]   0  0 [] 8 8
0 12 [-]   0  1 [] 4 0
0 13 [-]   0  0 [] 12 0
0 14 [+]   0  2 [] 12 6
0 14 [-]   0  0 [] 18 6
0 14 [-]   0  1 [] 12 6
0 15 [-]   0  0 [] 8 0
0 16 [+]   0  2 [] 8 0
0 16 [-]   0  0 [] 16 16
0 16 [-]   0  1 [] 8 0
0 17 [-]   0  0 [] 16 0
0 18 [+]   0  2 [] 12 6
0 18 [-]   0  0 [] 18 6
0 18 [-]   0  1 [] 12 6
0 19 [-]   0  0 [] 18 0
0 20 [+]   0  2 [] 8 0
0 20 [-]   0  0 [] 16 16
0 20 [-]   0  1 [] 8 0
0 21 [-]   0  0 [] 12 0
0 22 [+]   0  2 [] 20 10
0 22 [-]   0  0 [] 30 10
0 22 [-]   0  1 [] 20 10
0 23 [-]   0  0 [] 22 0
0 24 [+]   0  2 [] 8 0
0 24 [-]   0  0 [] 16 16
0 24 [-]   0  1 [] 8 0
0 25 [-]   0  0 [] 20 0
0 26 [+]   0  2 [] 24 12
0 26 [-]   0  0 [] 36 12
0 26 [-]   0  1 [] 24 12
0 27 [-]   0  0 [] 18 0
0 28 [+]   0  2 [] 12 0
0 28 [-]   0  0 [] 24 24
0 28 [-]   0  1 [] 12 0
0 29 [-]   0  0 [] 28 0
0 30 [+]   0  2 [] 16 8
0 30 [-]   0  0 [] 24 8
0 30 [-]   0  1 [] 16 8
0 31 [-]   0  0 [] 30 0
0 32 [+]   0  2 [] 16 0
0 32 [-]   0  0 [] 32 32
0 32 [-]   0  1 [] 16 0
0 33 [-]   0  0 [] 20 0
0 34 [+]   0  2 [] 32 16
0 34 [-]   0  0 [] 48 16
0 34 [-]   0  1 [] 32 16
0 35 [-]   0  0 [] 24 0
0 36 [+]   0  2 [] 12 0
0 36 [-]   0  0 [] 24 24
0 36 [-]   0  1 [] 12 0
0 37 [-]   0  0 [] 36 0
0 38 [+]   0  2 [] 36 18
0 38 [-]   0  0 [] 54 18
0 38 [-]   0  1 [] 36 18
0 39 [-]   0  0 [] 24 0
0 40 [+]   0  2 [] 16 0
0 40 [-]   0  0 [] 32 32
0 40 [-]   0  1 [] 16 0
# .... <infinite series for Chi = 0 truncated to L = 40>
-1 1 [-]  -1  0 [] 1 0
-1 2 [+]   1  1 [2 2 2] 1 0
-1 2 [+]   0  2 [2] 2 0
-1 2 [-]   0  1 [2] 2 0
-1 3 [-]   1  0 [3 3] 4 0
-1 4 [+]   1  1 [2 4] 2 0
-1 6 [+]   1  1 [2 3] 2 0
-2 1 [-]  -2  0 [] 1 0
-2 2 [+]   1  1 [2 2 2 2] 1 0
-2 2 [-]   1  0 [2 2 2 2] 2 0
-2 2 [+]   0  2 [2 2] 2 0
-2 2 [-]   0  0 [2 2] 4 0
-2 2 [-]   0  1 [2 2] 2 0
-2 2 [+]  -1  1 [] 4 1
-2 2 [+]  -1  3 [] 4 1
-2 2 [-]  -1  0 [] 7 1
-2 2 [-]  -1  1 [] 4 1
-2 2 [-]  -1  2 [] 4 1
-2 3 [-]   0  0 [3] 6 0
-2 4 [-]   1  0 [2 2 2] 2 2
-2 4 [+]   1  1 [4 4] 4 0
-2 4 [-]   1  0 [4 4] 8 0
-2 4 [+]   0  2 [2] 2 0
-2 4 [-]   0  0 [2] 8 0
-2 4 [-]   0  1 [2] 2 0
-2 6 [+]   1  1 [2 6] 2 0
-2 6 [-]   1  0 [2 6] 4 0
-2 6 [+]   1  1 [3 3] 4 4
-2 6 [-]   1  0 [3 3] 4 4
-2 8 [-]   1  0 [2 4] 4 4
-2 12 [-]   1  0 [2 3] 4 4
-3 1 [-]  -3  0 [] 1 0
-3 2 [+]   1  1 [2 2 2 2 2] 1 0
-3 2 [+]   0  2 [2 2 2] 2 0
-3 2 [-]   0  1 [2 2 2] 2 0
-3 2 [+]  -1  1 [2] 4 0
-3 2 [+]  -1  3 [2] 4 0
-3 2 [-]  -1  1 [2] 4 0
-3 2 [-]  -1  2 [2] 4 0
-3 3 [-]   1  0 [3 3 3] 8 0
-3 3 [-]  -1  0 [] 8 0
-3 4 [+]   1  1 [2 2 4] 2 0
-3 4 [+]   0  2 [4] 8 0
-3 4 [-]   0  1 [4] 8 0
-3 5 [-]   1  0 [5 5] 16 0
-3 6 [+]   1  1 [3 6] 4 0
-3 6 [+]   0  2 [2] 4 0
-3 6 [-]   0  1 [2] 4 0
-3 8 [+]   1  1 [2 8] 4 0
-3 10 [+]   1  1 [2 5] 4 0
-4 1 [-]  -4  0 [] 1 0
-4 2 [+]   1  1 [2 2 2 2 2 2] 1 0
-4 2 [-]   1  0 [2 2 2 2 2 2] 2 0
-4 2 [+]   0  2 [2 2 2 2] 2 0
-4 2 [-]   0  0 [2 2 2 2] 4 0
-4 2 [-]   0  1 [2 2 2 2] 2 0
-4 2 [+]  -1  1 [2 2] 4 0
-4 2 [+]  -1  3 [2 2] 4 0
-4 2 [-]  -1  0 [2 2] 8 0
-4 2 [-]  -1  1 [2 2] 4 0
-4 2 [-]  -1  2 [2 2] 4 0
-4 2 [+]  -2  2 [] 8 1
-4 2 [+]  -2  4 [] 8 1
-4 2 [-]  -2  0 [] 15 1
-4 2 [-]  -2  1 [] 8 1
-4 2 [-]  -2  2 [] 8 1
-4 2 [-]  -2  3 [] 8 1
-4 3 [-]   0  0 [3 3] 12 0
-4 4 [+]   1  1 [2 4 4] 4 0
-4 4 [-]   1  0 [2 4 4] 8 0
-4 4 [+]   0  2 [2 2] 2 0
-4 4 [-]   0  0 [2 2] 4 4
-4 4 [-]   0  1 [2 2] 2 0
-4 4 [+]  -1  1 [] 12 0
-4 4 [+]  -1  3 [] 12 0
-4 4 [-]  -1  0 [] 24 0
-4 4 [-]  -1  1 [] 12 0
-4 4 [-]  -1  2 [] 12 0
-4 5 [-]   0  0 [5] 20 0
-4 6 [+]   1  1 [2 2 3] 2 0
-4 6 [-]   1  0 [2 2 3] 4 0
-4 6 [+]   1  1 [6 6] 4 0
-4 6 [-]   1  0 [6 6] 8 0
-4 6 [+]   0  2 [3] 12 6
-4 6 [-]   0  0 [3] 18 6
-4 6 [-]   0  1 [3] 12 6
-4 8 [+]   0  2 [2] 4 0
-4 8 [-]   0  0 [2] 8 8
-4 8 [-]   0  1 [2] 4 0
-4 10 [+]   1  1 [2 10] 4 0
-4 10 [-]   1  0 [2 10] 8 0
-5 1 [-]  -5  0 [] 1 0
-5 2 [+]   1  1 [2 2 2 2 2 2 2] 1 0
-5 2 [+]   0  2 [2 2 2 2 2] 2 0
-5 2 [-]   0  1 [2 2 2 2 2] 2 0
-5 2 [+]  -1  1 [2 2 2] 4 0
-5 2 [+]  -1  3 [2 2 2] 4 0
-5 2 [-]  -1  1 [2 2 2] 4 0
-5 2 [-]  -1  2 [2 2 2] 4 0
-5 2 [+]  -2  2 [2] 8 0
-5 2 [+]  -2  4 [2] 8 0
-5 2 [-]  -2  1 [2] 8 0
-5 2 [-]  -2  2 [2] 8 0
-5 2 [-]  -2  3 [2] 8 0
-5 3 [-]   1  0 [3 3 3 3] 16 0
-5 3 [-]  -1  0 [3] 18 0
-5 4 [+]   1  1 [2 2 2 4] 2 0
-5 4 [+]   1  1 [4 4 4] 8 0
-5 4 [+]   0  2 [2 4] 8 0
-5 4 [-]   0  1 [2 4] 8 0
-5 5 [-]  -1  0 [] 24 0
-5 6 [+]   1  1 [2 2 6] 2 0
-5 6 [+]   1  1 [2 3 3] 4 0
-5 6 [+]   0  2 [6] 12 0
-5 6 [-]   0  1 [6] 12 0
-5 7 [-]   1  0 [7 7] 36 0
-5 8 [+]   1  1 [4 8] 8 0
-5 9 [-]   1  0 [3 9] 12 0
-5 10 [+]   0  2 [2] 8 0
-5 10 [-]   0  1 [2] 8 0
-5 12 [+]   1  1 [2 12] 4 0
-5 12 [+]   1  1 [3 4] 4 0
-5 14 [+]   1  1 [2 7] 6 0
-6 1 [-]  -6  0 [] 1 0
-6 2 [+]   1  1 [2 2 2 2 2 2 2 2] 1 0
-6 2 [-]   1  0 [2 2 2 2 2 2 2 2] 2 0
-6 2 [+]   0  2 [2 2 2 2 2 2] 2 0
-6 2 [-]   0  0 [2 2 2 2 2 2] 4 0
-6 2 [-]   0  1 [2 2 2 2 2 2] 2 0
-6 2 [+]  -1  1 [2 2 2 2] 4 0
-6 2 [+]  -1  3 [2 2 2 2] 4 0
-6 2 [-]  -1  0 [2 2 2 2] 8 0
-6 2 [-]  -1  1 [2 2 2 2] 4 0
-6 2 [-]  -1  2 [2 2 2 2] 4 0
-6 2 [+]  -2  2 [2 2] 8 0
-6 2 [+]  -2  4 [2 2] 8 0
-6 2 [-]  -2  0 [2 2] 16 0
-6 2 [-]  -2  1 [2 2] 8 0
-6 2 [-]  -2  2 [2 2] 8 0
-6 2 [-]  -2  3 [2 2] 8 0
-6 2 [+]  -3  1 [] 16 1
-6 2 [+]  -3  3 [] 16 1
-6 2 [+]  -3  5 [] 16 1
-6 2 [-]  -3  0 [] 31 1
-6 2 [-]  -3  1 [] 16 1
-6 2 [-]  -3  2 [] 16 1
-6 2 [-]  -3  3 [] 16 1
-6 2 [-]  -3  4 [] 16 1
-6 3 [-]   0  0 [3 3 3] 24 0
-6 3 [-]  -2  0 [] 26 0
-6 4 [-]   1  0 [2 2 2 2 2] 2 2
-6 4 [+]   1  1 [2 2 4 4] 4 0
-6 4 [-]   1  0 [2 2 4 4] 8 0
-6 4 [+]   0  2 [2 2 2] 2 0
-6 4 [-]   0  0 [2 2 2] 8 0
-6 4 [-]   0  1 [2 2 2] 2 0
-6 4 [+]   0  2 [4 4] 16 0
-6 4 [-]   0  0 [4 4] 32 0
-6 4 [-]   0  1 [4 4] 16 0
-6 4 [+]  -1  1 [2] 12 0
-6 4 [+]  -1  3 [2] 12 0
-6 4 [-]  -1  0 [2] 32 8
-6 4 [-]  -1  1 [2] 12 0
-6 4 [-]  -1  2 [2] 12 0
-6 6 [+]   1  1 [2 3 6] 4 0
-6 6 [-]   1  0 [2 3 6] 8 0
-6 6 [+]   1  1 [3 3 3] 8 8
-6 6 [-]   1  0 [3 3 3] 8 8
-6 6 [+]   0  2 [2 2] 4 0
-6 6 [-]   0  0 [2 2] 8 0
-6 6 [-]   0  1 [2 2] 4 0
-6 6 [+]  -1  1 [] 32 8
-6 6 [+]  -1  3 [] 32 8
-6 6 [-]  -1  0 [] 56 8
-6 6 [-]  -1  1 [] 32 8
-6 6 [-]  -1  2 [] 32 8
-6 7 [-]   0  0 [7] 42 0
-6 8 [-]   1  0 [2 2 4] 4 4
-6 8 [+]   1  1 [8 8] 16 0
-6 8 [-]   1  0 [8 8] 32 0
-6 8 [+]   0  2 [4] 8 0
-6 8 [-]   0  0 [4] 32 0
-6 8 [-]   0  1 [4] 8 0
-6 9 [-]   0  0 [3] 12 0
-6 10 [+]   1  1 [5 5] 16 16
-6 10 [-]   1  0 [5 5] 16 16
-6 12 [-]   1  0 [3 6] 8 8
-6 12 [+]   0  2 [2] 4 0
-6 12 [-]   0  0 [2] 16 0
-6 12 [-]   0  1 [2] 4 0
-6 14 [+]   1  1 [2 14] 6 0
-6 14 [-]   1  0 [2 14] 12 0
-6 16 [-]   1  0 [2 8] 8 8
-6 20 [-]   1  0 [2 5] 8 8
-7 1 [-]  -7  0 [] 1 0
-7 2 [+]   1  1 [2 2 2 2 2 2 2 2 2] 1 0
-7 2 [+]   0  2 [2 2 2 2 2 2 2] 2 0
-7 2 [-]   0  1 [2 2 2 2 2 2 2] 2 0
-7 2 [+]  -1  1 [2 2 2 2 2] 4 0
-7 2 [+]  -1  3 [2 2 2 2 2] 4 0
-7 2 [-]  -1  1 [2 2 2 2 2] 4 0
-7 2 [-]  -1  2 [2 2 2 2 2] 4 0
-7 2 [+]  -2  2 [2 2 2] 8 0
-7 2 [+]  -2  4 [2 2 2] 8 0
-7 2 [-]  -2  1 [2 2 2] 8 0
-7 2 [-]  -2  2 [2 2 2] 8 0
-7 2 [-]  -2  3 [2 2 2] 8 0
-7 2 [+]  -3  1 [2] 16 0
-7 2 [+]  -3  3 [2] 16 0
-7 2 [+]  -3  5 [2] 16 0
-7 2 [-]  -3  1 [2] 16 0
-7 2 [-]  -3  2 [2] 16 0
-7 2 [-]  -3  3 [2] 16 0
-7 2 [-]  -3  4 [2] 16 0
-7 3 [-]   1  0 [3 3 3 3 3] 32 0
-7 3 [-]  -1  0 [3 3] 36 0
-7 4 [+]   1  1 [2 2 2 2 4] 2 0
-7 4 [+]   1  1 [2 4 4 4] 8 0
-7 4 [+]   0  2 [2 2 4] 8 0
-7 4 [-]   0  1 [2 2 4] 8 0
-7 4 [+]  -1  1 [4] 32 0
-7 4 [+]  -1  3 [4] 32 0
-7 4 [-]  -1  1 [4] 32 0
-7 4 [-]  -1  2 [4] 32 0
-7 5 [-]   1  0 [5 5 5] 64 0
-7 6 [+]   1  1 [2 2 2 3] 2 0
-7 6 [+]   1  1 [2 6 6] 4 0
-7 6 [+]   1  1 [3 3 6] 8 0
-7 6 [+]   0  2 [2 3] 12 0
-7 6 [-]   0  1 [2 3] 12 0
-7 7 [-]  -1  0 [] 48 0
-7 8 [+]   1  1 [2 2 8] 4 0
-7 8 [+]   0  2 [8] 32 0
-7 8 [-]   0  1 [8] 32 0
-7 9 [-]   1  0 [9 9] 36 0
-7 10 [+]   1  1 [5 10] 16 0
-7 12 [+]   1  1 [3 12] 8 0
-7 12 [+]   1  1 [4 6] 4 0
-7 14 [+]   0  2 [2] 12 0
-7 14 [-]   0  1 [2] 12 0
-7 15 [-]   1  0 [3 5] 8 0
-7 16 [+]   1  1 [2 16] 8 0
-7 18 [+]   1  1 [2 9] 6 0
-8 1 [-]  -8  0 [] 1 0
-8 2 [+]   1  1 [2 2 2 2 2 2 2 2 2 2] 1 0
-8 2 [-]   1  0 [2 2 2 2 2 2 2 2 2 2] 2 0
-8 2 [+]   0  2 [2 2 2 2 2 2 2 2] 2 0
-8 2 [-]   0  0 [2 2 2 2 2 2 2 2] 4 0
-8 2 [-]   0  1 [2 2 2 2 2 2 2 2] 2 0
-8 2 [+]  -1  1 [2 2 2 2 2 2] 4 0
-8 2 [+]  -1  3 [2 2 2 2 2 2] 4 0
-8 2 [-]  -1  0 [2 2 2 2 2 2] 8 0
-8 2 [-]  -1  1 [2 2 2 2 2 2] 4 0
-8 2 [-]  -1  2 [2 2 2 2 2 2] 4 0
-8 2 [+]  -2  2 [2 2 2 2] 8 0
-8 2 [+]  -2  4 [2 2 2 2] 8 0
-8 2 [-]  -2  0 [2 2 2 2] 16 0
-8 2 [-]  -2  1 [2 2 2 2] 8 0
-8 2 [-]  -2  2 [2 2 2 2] 8 0
-8 2 [-]  -2  3 [2 2 2 2] 8 0
-8 2 [+]  -3  1 [2 2] 16 0
-8 2 [+]  -3  3 [2 2] 16 0
-8 2 [+]  -3  5 [2 2] 16 0
-8 2 [-]  -3  0 [2 2] 32 0
-8 2 [-]  -3  1 [2 2] 16 0
-8 2 [-]  -3  2 [2 2] 16 0
-8 2 [-]  -3  3 [2 2] 16 0
-8 2 [-]  -3  4 [2 2] 16 0
-8 2 [+]  -4  2 [] 32 1
-8 2 [+]  -4  4 [] 32 1
-8 2 [+]  -4  6 [] 32 1
-8 2 [-]  -4  0 [] 63 1
-8 2 [-]  -4  1 [] 32 1
-8 2 [-]  -4  2 [] 32 1
-8 2 [-]  -4  3 [] 32 1
-8 2 [-]  -4  4 [] 32 1
-8 2 [-]  -4  5 [] 32 1
-8 3 [-]   0  0 [3 3 3 3] 48 0
-8 3 [-]  -2  0 [3] 54 0
-8 4 [+]   1  1 [2 2 2 4 4] 4 0
-8 4 [-]   1  0 [2 2 2 4 4] 8 0
-8 4 [+]   1  1 [4 4 4 4] 16 0
-8 4 [-]   1  0 [4 4 4 4] 32 0
-8 4 [+]   0  2 [2 2 2 2] 2 0
-8 4 [-]   0  0 [2 2 2 2] 4 4
-8 4 [-]   0  1 [2 2 2 2] 2 0
-8 4 [+]   0  2 [2 4 4] 16 0
-8 4 [-]   0  0 [2 4 4] 32 0
-8 4 [-]   0  1 [2 4 4] 16 0
-8 4 [+]  -1  1 [2 2] 12 0
-8 4 [+]  -1  3 [2 2] 12 0
-8 4 [-]  -1  0 [2 2] 24 0
-8 4 [-]  -1  1 [2 2] 12 0
-8 4 [-]  -1  2 [2 2] 12 0
-8 4 [+]  -2  2 [] 56 0
-8 4 [+]  -2  4 [] 56 0
-8 4 [-]  -2  0 [] 112 16
-8 4 [-]  -2  1 [] 56 0
-8 4 [-]  -2  2 [] 56 0
-8 4 [-]  -2  3 [] 56 0
-8 5 [-]   0  0 [5 5] 80 0
-8 6 [+]   1  1 [2 2 2 6] 2 0
-8 6 [-]   1  0 [2 2 2 6] 4 0
-8 6 [+]   1  1 [2 2 3 3] 4 0
-8 6 [-]   1  0 [2 2 3 3] 8 0
-8 6 [+]   1  1 [3 6 6] 8 0
-8 6 [-]   1  0 [3 6 6] 16 0
-8 6 [+]   0  2 [2 6] 12 0
-8 6 [-]   0  0 [2 6] 24 0
-8 6 [-]   0  1 [2 6] 12 0
-8 6 [+]   0  2 [3 3] 24 12
-8 6 [-]   0  0 [3 3] 36 12
-8 6 [-]   0  1 [3 3] 24 12
-8 8 [+]   0  2 [2 2] 4 0
-8 8 [-]   0  0 [2 2] 8 8
-8 8 [-]   0  1 [2 2] 4 0
-8 8 [+]  -1  1 [] 48 0
-8 8 [+]  -1  3 [] 48 0
-8 8 [-]  -1  0 [] 96 0
-8 8 [-]  -1  1 [] 48 0
-8 8 [-]  -1  2 [] 48 0
-8 9 [-]   0  0 [9] 54 0
-8 10 [+]   1  1 [2 2 5] 4 0
-8 10 [-]   1  0 [2 2 5] 8 0
-8 10 [+]   1  1 [10 10] 16 0
-8 10 [-]   1  0 [10 10] 32 0
-8 10 [+]   0  2 [5] 40 20
-8 10 [-]   0  0 [5] 60 20
-8 10 [-]   0  1 [5] 40 20
-8 12 [+]   1  1 [4 12] 8 0
-8 12 [-]   1  0 [4 12] 16 0
-8 12 [+]   0  2 [3] 12 0
-8 12 [-]   0  0 [3] 24 24
-8 12 [-]   0  1 [3] 12 0
-8 16 [+]   0  2 [2] 8 0
-8 16 [-]   0  0 [2] 16 16
-8 16 [-]   0  1 [2] 8 0
-8 18 [+]   1  1 [2 18] 6 0
-8 18 [-]   1  0 [2 18] 12 0
-9 1 [-]  -9  0 [] 1 0
-9 2 [+]   1  1 [2 2 2 2 2 2 2 2 2 2 2] 1 0
-9 2 [+]   0  2 [2 2 2 2 2 2 2 2 2] 2 0
-9 2 [-]   0  1 [2 2 2 2 2 2 2 2 2] 2 0
-9 2 [+]  -1  1 [2 2 2 2 2 2 2] 4 0
-9 2 [+]  -1  3 [2 2 2 2 2 2 2] 4 0
-9 2 [-]  -1  1 [2 2 2 2 2 2 2] 4 0
-9 2 [-]  -1  2 [2 2 2 2 2 2 2] 4 0
-9 2 [+]  -2  2 [2 2 2 2 2] 8 0
-9 2 [+]  -2  4 [2 2 2 2 2] 8 0
-9 2 [-]  -2  1 [2 2 2 2 2] 8 0
-9 2 [-]  -2  2 [2 2 2 2 2] 8 0
-9 2 [-]  -2  3 [2 2 2 2 2] 8 0
-9 2 [+]  -3  1 [2 2 2] 16 0
-9 2 [+]  -3  3 [2 2 2] 16 0
-9 2 [+]  -3  5 [2 2 2] 16 0
-9 2 [-]  -3  1 [2 2 2] 16 0
-9 2 [-]  -3  2 [2 2 2] 16 0
-9 2 [-]  -3  3 [2 2 2] 16 0
-9 2 [-]  -3  4 [2 2 2] 16 0
-9 2 [+]  -4  2 [2] 32 0
-9 2 [+]  -4  4 [2] 32 0
-9 2 [+]  -4  6 [2] 32 0
-9 2 [-]  -4  1 [2] 32 0
-9 2 [-]  -4  2 [2] 32 0
-9 2 [-]  -4  3 [2] 32 0
-9 2 [-]  -4  4 [2] 32 0
-9 2 [-]  -4  5 [2] 32 0
-9 3 [-]   1  0 [3 3 3 3 3 3] 64 0
-9 3 [-]  -1  0 [3 3 3] 72 0
-9 3 [-]  -3  0 [] 80 0
-9 4 [+]   1  1 [2 2 2 2 2 4] 2 0
-9 4 [+]   1  1 [2 2 4 4 4] 8 0
-9 4 [+]   0  2 [2 2 2 4] 8 0
-9 4 [-]   0  1 [2 2 2 4] 8 0
-9 4 [+]   0  2 [4 4 4] 32 0
-9 4 [-]   0  1 [4 4 4] 32 0
-9 4 [+]  -1  1 [2 4] 32 0
-9 4 [+]  -1  3 [2 4] 32 0
-9 4 [-]  -1  1 [2 4] 32 0
-9 4 [-]  -1  2 [2 4] 32 0
-9 5 [-]  -1  0 [5] 100 0
-9 6 [+]   1  1 [2 2 3 6] 4 0
-9 6 [+]   1  1 [2 3 3 3] 8 0
-9 6 [+]   1  1 [6 6 6] 8 0
-9 6 [+]   0  2 [2 2 2] 4 0
-9 6 [-]   0  1 [2 2 2] 4 0
-9 6 [+]   0  2 [3 6] 24 0
-9 6 [-]   0  1 [3 6] 24 0
-9 6 [+]  -1  1 [2] 32 0
-9 6 [+]  -1  3 [2] 32 0
-9 6 [-]  -1  1 [2] 32 0
-9 6 [-]  -1  2 [2] 32 0
-9 8 [+]   1  1 [2 4 8] 8 0
-9 9 [-]  -1  0 [] 72 0
-9 10 [+]   1  1 [2 2 10] 4 0
-9 10 [+]   0  2 [10] 40 0
-9 10 [-]   0  1 [10] 40 0
-9 11 [-]   1  0 [11 11] 100 0
-9 12 [+]   1  1 [6 12] 8 0
-9 12 [+]   0  2 [4] 16 0
-9 12 [-]   0  1 [4] 16 0
-9 15 [-]   1  0 [3 15] 16 0
-9 18 [+]   0  2 [2] 12 0
-9 18 [-]   0  1 [2] 12 0
-9 20 [+]   1  1 [2 20] 8 0
-9 22 [+]   1  1 [2 11] 10 0
-10 1 [-] -10  0 [] 1 0
-10 2 [+]   1  1 [2 2 2 2 2 2 2 2 2 2 2 2] 1 0
-10 2 [-]   1  0 [2 2 2 2 2 2 2 2 2 2 2 2] 2 0
-10 2 [+]   0  2 [2 2 2 2 2 2 2 2 2 2] 2 0
-10 2 [-]   0  0 [2 2 2 2 2 2 2 2 2 2] 4 0
-10 2 [-]   0  1 [2 2 2 2 2 2 2 2 2 2] 2 0
-10 2 [+]  -1  1 [2 2 2 2 2 2 2 2] 4 0
-10 2 [+]  -1  3 [2 2 2 2 2 2 2 2] 4 0
-10 2 [-]  -1  0 [2 2 2 2 2 2 2 2] 8 0
-10 2 [-]  -1  1 [2 2 2 2 2 2 2 2] 4 0
-10 2 [-]  -1  2 [2 2 2 2 2 2 2 2] 4 0
-10 2 [+]  -2  2 [2 2 2 2 2 2] 8 0
-10 2 [+]  -2  4 [2 2 2 2 2 2] 8 0
-10 2 [-]  -2  0 [2 2 2 2 2 2] 16 0
-10 2 [-]  -2  1 [2 2 2 2 2 2] 8 0
-10 2 [-]  -2  2 [2 2 2 2 2 2] 8 0
-10 2 [-]  -2  3 [2 2 2 2 2 2] 8 0
-10 2 [+]  -3  1 [2 2 2 2] 16 0
-10 2 [+]  -3  3 [2 2 2 2] 16 0
-10 2 [+]  -3  5 [2 2 2 2] 16 0
-10 2 [-]  -3  0 [2 2 2 2] 32 0
-10 2 [-]  -3  1 [2 2 2 2] 16 0
-10 2 [-]  -3  2 [2 2 2 2] 16 0
-10 2 [-]  -3  3 [2 2 2 2] 16 0
-10 2 [-]  -3  4 [2 2 2 2] 16 0
-10 2 [+]  -4  2 [2 2] 32 0
-10 2 [+]  -4  4 [2 2] 32 0
-10 2 [+]  -4  6 [2 2] 32 0
-10 2 [-]  -4  0 [2 2] 64 0
-10 2 [-]  -4  1 [2 2] 32 0
-10 2 [-]  -4  2 [2 2] 32 0
-10 2 [-]  -4  3 [2 2] 32 0
-10 2 [-]  -4  4 [2 2] 32 0
-10 2 [-]  -4  5 [2 2] 32 0
-10 2 [+]  -5  1 [] 64 1
-10 2 [+]  -5  3 [] 64 1
-10 2 [+]  -5  5 [] 64 1
-10 2 [+]  -5  7 [] 64 1
-10 2 [-]  -5  0 [] 127 1
-10 2 [-]  -5  1 [] 64 1
-10 2 [-]  -5  2 [] 64 1
-10 2 [-]  -5  3 [] 64 1
-10 2 [-]  -5  4 [] 64 1
-10 2 [-]  -5  5 [] 64 1
-10 2 [-]  -5  6 [] 64 1
-10 3 [-]   0  0 [3 3 3 3 3] 96 0
-10 3 [-]  -2  0 [3 3] 108 0
-10 4 [-]   1  0 [2 2 2 2 2 2 2] 2 2
-10 4 [+]   1  1 [2 2 2 2 4 4] 4 0
-10 4 [-]   1  0 [2 2 2 2 4 4] 8 0
-10 4 [+]   1  1 [2 4 4 4 4] 16 0
-10 4 [-]   1  0 [2 4 4 4 4] 32 0
-10 4 [+]   0  2 [2 2 2 2 2] 2 0
-10 4 [-]   0  0 [2 2 2 2 2] 8 0
-10 4 [-]   0  1 [2 2 2 2 2] 2 0
-10 4 [+]   0  2 [2 2 4 4] 16 0
-10 4 [-]   0  0 [2 2 4 4] 32 0
-10 4 [-]   0  1 [2 2 4 4] 16 0
-10 4 [+]  -1  1 [2 2 2] 12 0
-10 4 [+]  -1  3 [2 2 2] 12 0
-10 4 [-]  -1  0 [2 2 2] 32 8
-10 4 [-]  -1  1 [2 2 2] 12 0
-10 4 [-]  -1  2 [2 2 2] 12 0
-10 4 [+]  -1  1 [4 4] 64 0
-10 4 [+]  -1  3 [4 4] 64 0
-10 4 [-]  -1  0 [4 4] 128 0
-10 4 [-]  -1  1 [4 4] 64 0
-10 4 [-]  -1  2 [4 4] 64 0
-10 4 [+]  -2  2 [2] 56 0
-10 4 [+]  -2  4 [2] 56 0
-10 4 [-]  -2  0 [2] 128 0
-10 4 [-]  -2  1 [2] 56 0
-10 4 [-]  -2  2 [2] 56 0
-10 4 [-]  -2  3 [2] 56 0
-10 5 [-]  -2  0 [] 124 0
-10 6 [+]   1  1 [2 2 2 2 3] 2 0
-10 6 [-]   1  0 [2 2 2 2 3] 4 0
-10 6 [+]   1  1 [2 2 6 6] 4 0
-10 6 [-]   1  0 [2 2 6 6] 8 0
-10 6 [+]   1  1 [2 3 3 6] 8 0
-10 6 [-]   1  0 [2 3 3 6] 16 0
-10 6 [+]   1  1 [3 3 3 3] 16 16
-10 6 [-]   1  0 [3 3 3 3] 16 16
-10 6 [+]   0  2 [2 2 3] 12 0
-10 6 [-]   0  0 [2 2 3] 24 0
-10 6 [-]   0  1 [2 2 3] 12 0
-10 6 [+]   0  2 [6 6] 24 0
-10 6 [-]   0  0 [6 6] 48 0
-10 6 [-]   0  1 [6 6] 24 0
-10 6 [+]  -1  1 [3] 72 18
-10 6 [+]  -1  3 [3] 72 18
-10 6 [-]  -1  0 [3] 126 18
-10 6 [-]  -1  1 [3] 72 18
-10 6 [-]  -1  2 [3] 72 18
-10 8 [-]   1  0 [2 2 2 4] 4 4
-10 8 [+]   1  1 [2 8 8] 16 0
-10 8 [-]   1  0 [2 8 8] 32 0
-10 8 [-]   1  0 [4 4 4] 16 16
-10 8 [+]   0  2 [2 4] 8 0
-10 8 [-]   0  0 [2 4] 32 0
-10 8 [-]   0  1 [2 4] 8 0
-10 10 [+]   0  2 [2 2] 8 0
-10 10 [-]   0  0 [2 2] 16 0
-10 10 [-]   0  1 [2 2] 8 0
-10 10 [+]  -1  1 [] 96 24
-10 10 [+]  -1  3 [] 96 24
-10 10 [-]  -1  0 [] 168 24
-10 10 [-]  -1  1 [] 96 24
-10 10 [-]  -1  2 [] 96 24
-10 11 [-]   0  0 [11] 110 0
-10 12 [-]   1  0 [2 2 6] 4 4
-10 12 [-]   1  0 [2 3 3] 8 8
-10 12 [+]   1  1 [12 12] 16 0
-10 12 [-]   1  0 [12 12] 32 0
-10 12 [+]   0  2 [6] 12 0
-10 12 [-]   0  0 [6] 48 0
-10 12 [-]   0  1 [6] 12 0
-10 14 [+]   1  1 [7 7] 36 36
-10 14 [-]   1  0 [7 7] 36 36
-10 15 [-]   0  0 [3] 24 0
-10 16 [-]   1  0 [4 8] 16 16
-10 18 [+]   1  1 [3 9] 12 12
-10 18 [-]   1  0 [3 9] 12 12
-10 20 [+]   0  2 [2] 8 0
-10 20 [-]   0  0 [2] 32 0
-10 20 [-]   0  1 [2] 8 0
-10 22 [+]   1  1 [2 22] 10 0
-10 22 [-]   1  0 [2 22] 20 0
-10 24 [-]   1  0 [2 12] 8 8
-10 24 [-]   1  0 [3 4] 8 8
-10 28 [-]   1  0 [2 7] 12 12
-11 1 [-] -11  0 [] 1 0
-11 2 [+]   1  1 [2 2 2 2 2 2 2 2 2 2 2 2 2] 1 0
-11 2 [+]   0  2 [2 2 2 2 2 2 2 2 2 2 2] 2 0
-11 2 [-]   0  1 [2 2 2 2 2 2 2 2 2 2 2] 2 0
-11 2 [+]  -1  1 [2 2 2 2 2 2 2 2 2] 4 0
-11 2 [+]  -1  3 [2 2 2 2 2 2 2 2 2] 4 0
-11 2 [-]  -1  1 [2 2 2 2 2 2 2 2 2] 4 0
-11 2 [-]  -1  2 [2 2 2 2 2 2 2 2 2] 4 0
-11 2 [+]  -2  2 [2 2 2 2 2 2 2] 8 0
-11 2 [+]  -2  4 [2 2 2 2 2 2 2] 8 0
-11 2 [-]  -2  1 [2 2 2 2 2 2 2] 8 0
-11 2 [-]  -2  2 [2 2 2 2 2 2 2] 8 0
-11 2 [-]  -2  3 [2 2 2 2 2 2 2] 8 0
-11 2 [+]  -3  1 [2 2 2 2 2] 16 0
-11 2 [+]  -3  3 [2 2 2 2 2] 16 0
-11 2 [+]  -3  5 [2 2 2 2 2] 16 0
-11 2 [-]  -3  1 [2 2 2 2 2] 16 0
-11 2 [-]  -3  2 [2 2 2 2 2] 16 0
-11 2 [-]  -3  3 [2 2 2 2 2] 16 0
-11 2 [-]  -3  4 [2 2 2 2 2] 16 0
-11 2 [+]  -4  2 [2 2 2] 32 0
-11 2 [+]  -4  4 [2 2 2] 32 0
-11 2 [+]  -4  6 [2 2 2] 32 0
-11 2 [-]  -4  1 [2 2 2] 32 0
-11 2 [-]  -4  2 [2 2 2] 32 0
-11 2 [-]  -4  3 [2 2 2] 32 0
-11 2 [-]  -4  4 [2 2 2] 32 0
-11 2 [-]  -4  5 [2 2 2] 32 0
-11 2 [+]  -5  1 [2] 64 0
-11 2 [+]  -5  3 [2] 64 0
-11 2 [+]  -5  5 [2] 64 0
-11 2 [+]  -5  7 [2] 64 0
-11 2 [-]  -5  1 [2] 64 0
-11 2 [-]  -5  2 [2] 64 0
-11 2 [-]  -5  3 [2] 64 0
-11 2 [-]  -5  4 [2] 64 0
-11 2 [-]  -5  5 [2] 64 0
-11 2 [-]  -5  6 [2] 64 0
-11 3 [-]   1  0 [3 3 3 3 3 3 3] 128 0
-11 3 [-]  -1  0 [3 3 3 3] 144 0
-11 3 [-]  -3  0 [3] 162 0
-11 4 [+]   1  1 [2 2 2 2 2 2 4] 2 0
-11 4 [+]   1  1 [2 2 2 4 4 4] 8 0
-11 4 [+]   1  1 [4 4 4 4 4] 32 0
-11 4 [+]   0  2 [2 2 2 2 4] 8 0
-11 4 [-]   0  1 [2 2 2 2 4] 8 0
-11 4 [+]   0  2 [2 4 4 4] 32 0
-11 4 [-]   0  1 [2 4 4 4] 32 0
-11 4 [+]  -1  1 [2 2 4] 32 0
-11 4 [+]  -1  3 [2 2 4] 32 0
-11 4 [-]  -1  1 [2 2 4] 32 0
-11 4 [-]  -1  2 [2 2 4] 32 0
-11 4 [+]  -2  2 [4] 128 0
-11 4 [+]  -2  4 [4] 128 0
-11 4 [-]  -2  1 [4] 128 0
-11 4 [-]  -2  2 [4] 128 0
-11 4 [-]  -2  3 [4] 128 0
-11 5 [-]   1  0 [5 5 5 5] 256 0
-11 6 [+]   1  1 [2 2 2 2 6] 2 0
-11 6 [+]   1  1 [2 2 2 3 3] 4 0
-11 6 [+]   1  1 [2 3 6 6] 8 0
-11 6 [+]   1  1 [3 3 3 6] 16 0
-11 6 [+]   0  2 [2 2 6] 12 0
-11 6 [-]   0  1 [2 2 6] 12 0
-11 6 [+]   0  2 [2 3 3] 24 0
-11 6 [-]   0  1 [2 3 3] 24 0
-11 6 [+]  -1  1 [6] 72 0
-11 6 [+]  -1  3 [6] 72 0
-11 6 [-]  -1  1 [6] 72 0
-11 6 [-]  -1  2 [6] 72 0
-11 7 [-]   1  0 [7 7 7] 216 0
-11 8 [+]   1  1 [2 2 2 8] 4 0
-11 8 [+]   1  1 [4 4 8] 16 0
-11 8 [+]   0  2 [2 8] 32 0
-11 8 [-]   0  1 [2 8] 32 0
-11 9 [-]   1  0 [3 3 9] 24 0
-11 10 [+]   1  1 [2 5 5] 16 0
-11 11 [-]  -1  0 [] 120 0
-11 12 [+]   1  1 [2 2 12] 4 0
-11 12 [+]   1  1 [2 3 4] 4 0
-11 12 [+]   0  2 [12] 48 0
-11 12 [-]   0  1 [12] 48 0
-11 13 [-]   1  0 [13 13] 144 0
-11 14 [+]   1  1 [7 14] 36 0
-11 15 [-]   1  0 [5 15] 32 0
-11 16 [+]   1  1 [4 16] 16 0
-11 18 [+]   1  1 [3 18] 12 0
-11 20 [+]   1  1 [4 5] 8 0
-11 21 [-]   1  0 [3 7] 12 0
-11 22 [+]   0  2 [2] 20 0
-11 22 [-]   0  1 [2] 20 0
-11 24 [+]   1  1 [2 24] 8 0
-11 26 [+]   1  1 [2 13] 12 0
-12 1 [-] -12  0 [] 1 0
-12 2 [+]   1  1 [2 2 2 2 2 2 2 2 2 2 2 2 2 2] 1 0
-12 2 [-]   1  0 [2 2 2 2 2 2 2 2 2 2 2 2 2 2] 2 0
-12 2 [+]   0  2 [2 2 2 2 2 2 2 2 2 2 2 2] 2 0
-12 2 [-]   0  0 [2 2 2 2 2 2 2 2 2 2 2 2] 4 0
-12 2 [-]   0  1 [2 2 2 2 2 2 2 2 2 2 2 2] 2 0
-12 2 [+]  -1  1 [2 2 2 2 2 2 2 2 2 2] 4 0
-12 2 [+]  -1  3 [2 2 2 2 2 2 2 2 2 2] 4 0
-12 2 [-]  -1  0 [2 2 2 2 2 2 2 2 2 2] 8 0
-12 2 [-]  -1  1 [2 2 2 2 2 2 2 2 2 2] 4 0
-12 2 [-]  -1  2 [2 2 2 2 2 2 2 2 2 2] 4 0
-12 2 [+]  -2  2 [2 2 2 2 2 2 2 2] 8 0
-12 2 [+]  -2  4 [2 2 2 2 2 2 2 2] 8 0
-12 2 [-]  -2  0 [2 2 2 2 2 2 2 2] 16 0
-12 2 [-]  -2  1 [2 2 2 2 2 2 2 2] 8 0
-12 2 [-]  -2  2 [2 2 2 2 2 2 2 2] 8 0
-12 2 [-]  -2  3 [2 2 2 2 2 2 2 2] 8 0
-12 2 [+]  -3  1 [2 2 2 2 2 2] 16 0
-12 2 [+]  -3  3 [2 2 2 2 2 2] 16 0
-12 2 [+]  -3  5 [2 2 2 2 2 2] 16 0
-12 2 [-]  -3  0 [2 2 2 2 2 2] 32 0
-12 2 [-]  -3  1 [2 2 2 2 2 2] 16 0
-12 2 [-]  -3  2 [2 2 2 2 2 2] 16 0
-12 2 [-]  -3  3 [2 2 2 2 2 2] 16 0
-12 2 [-]  -3  4 [2 2 2 2 2 2] 16 0
-12 2 [+]  -4  2 [2 2 2 2] 32 0
-12 2 [+]  -4  4 [2 2 2 2] 32 0
-12 2 [+]  -4  6 [2 2 2 2] 32 0
-12 2 [-]  -4  0 [2 2 2 2] 64 0
-12 2 [-]  -4  1 [2 2 2 2] 32 0
-12 2 [-]  -4  2 [2 2 2 2] 32 0
-12 2 [-]  -4  3 [2 2 2 2] 32 0
-12 2 [-]  -4  4 [2 2 2 2] 32 0
-12 2 [-]  -4  5 [2 2 2 2] 32 0
-12 2 [+]  -5  1 [2 2] 64 0
-12 2 [+]  -5  3 [2 2] 64 0
-12 2 [+]  -5  5 [2 2] 64 0
-12 2 [+]  -5  7 [2 2] 64 0
-12 2 [-]  -5  0 [2 2] 128 0
-12 2 [-]  -5  1 [2 2] 64 0
-12 2 [-]  -5  2 [2 2] 64 0
-12 2 [-]  -5  3 [2 2] 64 0
-12 2 [-]  -5  4 [2 2] 64 0
-12 2 [-]  -5  5 [2 2] 64 0
-12 2 [-]  -5  6 [2 2] 64 0
-12 2 [+]  -6  2 [] 128 1
-12 2 [+]  -6  4 [] 128 1
-12 2 [+]  -6  6 [] 128 1
-12 2 [+]  -6  8 [] 128 1
-12 2 [-]  -6  0 [] 255 1
-12 2 [-]  -6  1 [] 128 1
-12 2 [-]  -6  2 [] 128 1
-12 2 [-]  -6  3 [] 128 1
-12 2 [-]  -6  4 [] 128 1
-12 2 [-]  -6  5 [] 128 1
-12 2 [-]  -6  6 [] 128 1
-12 2 [-]  -6  7 [] 128 1
-12 3 [-]   0  0 [3 3 3 3 3 3] 192 0
-12 3 [-]  -2  0 [3 3 3] 216 0
-12 3 [-]  -4  0 [] 242 0
-12 4 [+]   1  1 [2 2 2 2 2 4 4] 4 0
-12 4 [-]   1  0 [2 2 2 2 2 4 4] 8 0
-12 4 [+]   1  1 [2 2 4 4 4 4] 16 0
-12 4 [-]   1  0 [2 2 4 4 4 4] 32 0
-12 4 [+]   0  2 [2 2 2 2 2 2] 2 0
-12 4 [-]   0  0 [2 2 2 2 2 2] 4 4
-12 4 [-]   0  1 [2 2 2 2 2 2] 2 0
-12 4 [+]   0  2 [2 2 2 4 4] 16 0
-12 4 [-]   0  0 [2 2 2 4 4] 32 0
-12 4 [-]   0  1 [2 2 2 4 4] 16 0
-12 4 [+]   0  2 [4 4 4 4] 64 0
-12 4 [-]   0  0 [4 4 4 4] 128 0
-12 4 [-]   0  1 [4 4 4 4] 64 0
-12 4 [+]  -1  1 [2 2 2 2] 12 0
-12 4 [+]  -1  3 [2 2 2 2] 12 0
-12 4 [-]  -1  0 [2 2 2 2] 24 0
-12 4 [-]  -1  1 [2 2 2 2] 12 0
-12 4 [-]  -1  2 [2 2 2 2] 12 0
-12 4 [+]  -1  1 [2 4 4] 64 0
-12 4 [+]  -1  3 [2 4 4] 64 0
-12 4 [-]  -1  0 [2 4 4] 128 0
-12 4 [-]  -1  1 [2 4 4] 64 0
-12 4 [-]  -1  2 [2 4 4] 64 0
-12 4 [+]  -2  2 [2 2] 56 0
-12 4 [+]  -2  4 [2 2] 56 0
-12 4 [-]  -2  0 [2 2] 112 16
-12 4 [-]  -2  1 [2 2] 56 0
-12 4 [-]  -2  2 [2 2] 56 0
-12 4 [-]  -2  3 [2 2] 56 0
-12 4 [+]  -3  1 [] 240 0
-12 4 [+]  -3  3 [] 240 0
-12 4 [+]  -3  5 [] 240 0
-12 4 [-]  -3  0 [] 480 0
-12 4 [-]  -3  1 [] 240 0
-12 4 [-]  -3  2 [] 240 0
-12 4 [-]  -3  3 [] 240 0
-12 4 [-]  -3  4 [] 240 0
-12 5 [-]   0  0 [5 5 5] 320 0
-12 6 [+]   1  1 [2 2 2 3 6] 4 0
-12 6 [-]   1  0 [2 2 2 3 6] 8 0
-12 6 [+]   1  1 [2 2 3 3 3] 8 0
-12 6 [-]   1  0 [2 2 3 3 3] 16 0
-12 6 [+]   1  1 [2 6 6 6] 8 0
-12 6 [-]   1  0 [2 6 6 6] 16 0
-12 6 [+]   1  1 [3 3 6 6] 16 0
-12 6 [-]   1  0 [3 3 6 6] 32 0
-12 6 [+]   0  2 [2 2 2 2] 4 0
-12 6 [-]   0  0 [2 2 2 2] 8 0
-12 6 [-]   0  1 [2 2 2 2] 4 0
-12 6 [+]   0  2 [2 3 6] 24 0
-12 6 [-]   0  0 [2 3 6] 48 0
-12 6 [-]   0  1 [2 3 6] 24 0
-12 6 [+]   0  2 [3 3 3] 48 24
-12 6 [-]   0  0 [3 3 3] 72 24
-12 6 [-]   0  1 [3 3 3] 48 24
-12 6 [+]  -1  1 [2 2] 32 0
-12 6 [+]  -1  3 [2 2] 32 0
-12 6 [-]  -1  0 [2 2] 64 0
-12 6 [-]  -1  1 [2 2] 32 0
-12 6 [-]  -1  2 [2 2] 32 0
-12 6 [+]  -2  2 [] 208 26
-12 6 [+]  -2  4 [] 208 26
-12 6 [-]  -2  0 [] 390 26
-12 6 [-]  -2  1 [] 208 26
-12 6 [-]  -2  2 [] 208 26
-12 6 [-]  -2  3 [] 208 26
-12 7 [-]   0  0 [7 7] 252 0
-12 8 [+]   1  1 [4 8 8] 32 0
-12 8 [-]   1  0 [4 8 8] 64 0
-12 8 [+]   0  2 [2 2 2] 4 0
-12 8 [-]   0  0 [2 2 2] 8 8
-12 8 [-]   0  1 [2 2 2] 4 0
-12 8 [+]   0  2 [4 4] 16 0
-12 8 [-]   0  0 [4 4] 32 32
-12 8 [-]   0  1 [4 4] 16 0
-12 8 [+]  -1  1 [2] 48 0
-12 8 [+]  -1  3 [2] 48 0
-12 8 [-]  -1  0 [2] 96 0
-12 8 [-]  -1  1 [2] 48 0
-12 8 [-]  -1  2 [2] 48 0
-12 9 [-]   0  0 [3 3] 24 0
-12 10 [+]   1  1 [2 5 10] 16 0
-12 10 [-]   1  0 [2 5 10] 32 0
-12 12 [+]   0  2 [2 2] 4 0
-12 12 [-]   0  0 [2 2] 8 8
-12 12 [-]   0  1 [2 2] 4 0
-12 12 [+]  -1  1 [] 96 0
-12 12 [+]  -1  3 [] 96 0
-12 12 [-]  -1  0 [] 192 0
-12 12 [-]  -1  1 [] 96 0
-12 12 [-]  -1  2 [] 96 0
-12 13 [-]   0  0 [13] 156 0
-12 14 [+]   1  1 [2 2 7] 6 0
-12 14 [-]   1  0 [2 2 7] 12 0
-12 14 [+]   1  1 [14 14] 36 0
-12 14 [-]   1  0 [14 14] 72 0
-12 14 [+]   0  2 [7] 84 42
-12 14 [-]   0  0 [7] 126 42
-12 14 [-]   0  1 [7] 84 42
-12 15 [-]   0  0 [5] 40 0
-12 16 [+]   0  2 [4] 16 0
-12 16 [-]   0  0 [4] 32 32
-12 16 [-]   0  1 [4] 16 0
-12 18 [+]   0  2 [3] 24 12
-12 18 [-]   0  0 [3] 36 12
-12 18 [-]   0  1 [3] 24 12
-12 24 [+]   0  2 [2] 8 0
-12 24 [-]   0  0 [2] 16 16
-12 24 [-]   0  1 [2] 8 0
-12 26 [+]   1  1 [2 26] 12 0
-12 26 [-]   1  0 [2 26] 24 0
-13 1 [-] -13  0 [] 1 0
-13 2 [+]   1  1 [2 2 2 2 2 2 2 2 2 2 2 2 2 2 2] 1 0
-13 2 [+]   0  2 [2 2 2 2 2 2 2 2 2 2 2 2 2] 2 0
-13 2 [-]   0  1 [2 2 2 2 2 2 2 2 2 2 2 2 2] 2 0
-13 2 [+]  -1  1 [2 2 2 2 2 2 2 2 2 2 2] 4 0
-13 2 [+]  -1  3 [2 2 2 2 2 2 2 2 2 2 2] 4 0
-13 2 [-]  -1  1 [2 2 2 2 2 2 2 2 2 2 2] 4 0
-13 2 [-]  -1  2 [2 2 2 2 2 2 2 2 2 2 2] 4 0
-13 2 [+]  -2  2 [2 2 2 2 2 2 2 2 2] 8 0
-13 2 [+]  -2  4 [2 2 2 2 2 2 2 2 2] 8 0
-13 2 [-]  -2  1 [2 2 2 2 2 2 2 2 2] 8 0
-13 2 [-]  -2  2 [2 2 2 2 2 2 2 2 2] 8 0
-13 2 [-]  -2  3 [2 2 2 2 2 2 2 2 2] 8 0
-13 2 [+]  -3  1 [2 2 2 2 2 2 2] 16 0
-13 2 [+]  -3  3 [2 2 2 2 2 2 2] 16 0
-13 2 [+]  -3  5 [2 2 2 2 2 2 2] 16 0
-13 2 [-]  -3  1 [2 2 2 2 2 2 2] 16 0
-13 2 [-]  -3  2 [2 2 2 2 2 2 2] 16 0
-13 2 [-]  -3  3 [2 2 2 2 2 2 2] 16 0
-13 2 [-]  -3  4 [2 2 2 2 2 2 2] 16 0
-13 2 [+]  -4  2 [2 2 2 2 2] 32 0
-13 2 [+]  -4  4 [2 2 2 2 2] 32 0
-13 2 [+]  -4  6 [2 2 2 2 2] 32 0
-13 2 [-]  -4  1 [2 2 2 2 2] 32 0
-13 2 [-]  -4  2 [2 2 2 2 2] 32 0
-13 2 [-]  -4  3 [2 2 2 2 2] 32 0
-13 2 [-]  -4  4 [2 2 2 2 2] 32 0
-13 2 [-]  -4  5 [2 2 2 2 2] 32 0
-13 2 [+]  -5  1 [2 2 2] 64 0
-13 2 [+]  -5  3 [2 2 2] 64 0
-13 2 [+]  -5  5 [2 2 2] 64 0
-13 2 [+]  -5  7 [2 2 2] 64 0
-13 2 [-]  -5  1 [2 2 2] 64 0
-13 2 [-]  -5  2 [2 2 2] 64 0
-13 2 [-]  -5  3 [2 2 2] 64 0
-13 2 [-]  -5  4 [2 2 2] 64 0
-13 2 [-]  -5  5 [2 2 2] 64 0
-13 2 [-]  -5  6 [2 2 2] 64 0
-13 2 [+]  -6  2 [2] 128 0
-13 2 [+]  -6  4 [2] 128 0
-13 2 [+]  -6  6 [2] 128 0
-13 2 [+]  -6  8 [2] 128 0
-13 2 [-]  -6  1 [2] 128 0
-13 2 [-]  -6  2 [2] 128 0
-13 2 [-]  -6  3 [2] 128 0
-13 2 [-]  -6  4 [2] 128 0
-13 2 [-]  -6  5 [2] 128 0
-13 2 [-]  -6  6 [2] 128 0
-13 2 [-]  -6  7 [2] 128 0
-13 3 [-]   1  0 [3 3 3 3 3 3 3 3] 256 0
-13 3 [-]  -1  0 [3 3 3 3 3] 288 0
-13 3 [-]  -3  0 [3 3] 324 0
-13 4 [+]   1  1 [2 2 2 2 2 2 2 4] 2 0
-13 4 [+]   1  1 [2 2 2 2 4 4 4] 8 0
-13 4 [+]   1  1 [2 4 4 4 4 4] 32 0
-13 4 [+]   0  2 [2 2 2 2 2 4] 8 0
-13 4 [-]   0  1 [2 2 2 2 2 4] 8 0
-13 4 [+]   0  2 [2 2 4 4 4] 32 0
-13 4 [-]   0  1 [2 2 4 4 4] 32 0
-13 4 [+]  -1  1 [2 2 2 4] 32 0
-13 4 [+]  -1  3 [2 2 2 4] 32 0
-13 4 [-]  -1  1 [2 2 2 4] 32 0
-13 4 [-]  -1  2 [2 2 2 4] 32 0
-13 4 [+]  -1  1 [4 4 4] 128 0
-13 4 [+]  -1  3 [4 4 4] 128 0
-13 4 [-]  -1  1 [4 4 4] 128 0
-13 4 [-]  -1  2 [4 4 4] 128 0
-13 4 [+]  -2  2 [2 4] 128 0
-13 4 [+]  -2  4 [2 4] 128 0
-13 4 [-]  -2  1 [2 4] 128 0
-13 4 [-]  -2  2 [2 4] 128 0
-13 4 [-]  -2  3 [2 4] 128 0
-13 5 [-]  -1  0 [5 5] 400 0
-13 6 [+]   1  1 [2 2 2 2 2 3] 2 0
-13 6 [+]   1  1 [2 2 2 6 6] 4 0
-13 6 [+]   1  1 [2 2 3 3 6] 8 0
-13 6 [+]   1  1 [2 3 3 3 3] 16 0
-13 6 [+]   1  1 [3 6 6 6] 16 0
-13 6 [+]   0  2 [2 2 2 3] 12 0
-13 6 [-]   0  1 [2 2 2 3] 12 0
-13 6 [+]   0  2 [2 6 6] 24 0
-13 6 [-]   0  1 [2 6 6] 24 0
-13 6 [+]   0  2 [3 3 6] 48 0
-13 6 [-]   0  1 [3 3 6] 48 0
-13 6 [+]  -1  1 [2 3] 72 0
-13 6 [+]  -1  3 [2 3] 72 0
-13 6 [-]  -1  1 [2 3] 72 0
-13 6 [-]  -1  2 [2 3] 72 0
-13 7 [-]  -1  0 [7] 294 0
-13 8 [+]   1  1 [2 2 4 8] 8 0
-13 8 [+]   1  1 [8 8 8] 64 0
-13 8 [+]   0  2 [4 8] 64 0
-13 8 [-]   0  1 [4 8] 64 0
-13 9 [-]   1  0 [3 9 9] 72 0
-13 10 [+]   1  1 [2 2 2 5] 4 0
-13 10 [+]   1  1 [2 10 10] 16 0
-13 10 [+]   0  2 [2 5] 40 0
-13 10 [-]   0  1 [2 5] 40 0
-13 12 [+]   1  1 [2 3 12] 8 0
-13 12 [+]   1  1 [2 4 6] 4 0
-13 12 [+]   1  1 [3 3 4] 8 0
-13 13 [-]  -1  0 [] 168 0
-13 14 [+]   1  1 [2 2 14] 6 0
-13 14 [+]   0  2 [14] 84 0
-13 14 [-]   0  1 [14] 84 0
-13 15 [-]   1  0 [15 15] 64 0
-13 16 [+]   1  1 [8 16] 32 0
-13 18 [+]   1  1 [6 9] 12 0
-13 20 [+]   1  1 [4 10] 8 0
-13 21 [-]   1  0 [3 21] 24 0
-13 24 [+]   1  1 [3 8] 8 0
-13 26 [+]   0  2 [2] 24 0
-13 26 [-]   0  1 [2] 24 0
-13 28 [+]   1  1 [2 28] 12 0
-13 30 [+]   1  1 [2 15] 8 0